[-10.5714, 3]
[-10.5714, 3]
[-10.2857, 4]
[-9.85714, 4]
[-9.42857, 4]
[-9, 4]
[-8.57143, 4]
[-8.14286, 4]
[-7.71429, 4]
[-7.28571, 4]
[-6.85714, 4]
[-6.42857, 4]
[-6, 4]
[-5.57143, 4]
[-5.14286, 4]
[-4.71429, 4]
[-4.57143, 4]
[-4.14286, 4]
[-3.71429, 4]
[-3.28571, 4]
[-2.85714, 4]
[-2.42857, 4]
[-2, 4]
[-1.57143, 4]
[-1.14286, 4]
[-0.714286, 4]
[-0.285714, 4]
[0.142857, 4]
[0.571429, 4]
[1, 4]
[1.42857, 4]
[1.85714, 4]
[2.28571, 4]
[2.71429, 4]
[3.14286, 4]
[3.57143, 4]
[4, 4]
[4.42857, 4]
[4.85714, 4]
[5.28571, 4]
[5.71429, 4]
[6.14286, 4]
[6.28571, 4]
[6.57143, 4]
[6.57143, 5]
[6.57143, 5]
[6.71429, 5]
